//텍스트 버전									
//최종 Version 1.01									
//최종 Version 1.01									
//최종 작업자 - 김보경									
//최종 작업일 - 오후 5:13 2006-08-28								
//내용 : 칸투르 몬스터용 Element 추가									

//Index	Name			Type	Rate	Time(sec)	I&Dtype I&Dvalue	Magic	Class	Level
0
//아이다&크라이울프 공방전									
1	"스턴1"			0	50	3		-1	-1	-1	0	0
3	"MP감소"		3	50	10		2	50	-1	0	0
4	"AG감소"		4	50	10		2	50	-1	0	0
5	"방어력"		5	90	10		12	50	-1	0	0
6	"공격력"		6	90	10		12	50	-1	0	0
7	"밀기"			9	50	10		-1	-1	-1	0	0
8	"독"			2	30	10		112	10	-1	0	0
9	"얼음"			1	90	10		12	50	-1	0	0
11	"내구도"		7	90	10		12	7	-1	0	0
12	"자생"			2	90	10		101	5	-1	0	0
13	"치료"			2	90	10		11	50	-1	0	0
14	"HP감소"		2	90	10		12	100	-1	0	0
									
16	"소환"			8	90	10		0	-1	-1	0	0
17	"방향해제"		14	50	10		0	-1	27	0	0
									
22	"공향안걸림"		16	90	10		0	-1	28	0	0
23	"방향안걸림"		16	90	10		0	-1	28	0	0

//----------------------------------------------------------------------------------------------------

// 칸투르 일반 몬스터
//Index	Name			Type	Rate	Time(sec)	I&Dtype I&Dvalue(dur) Magic(Delay)	Class	Level
24	"켄타우로스-멀티"	20	100	10		-1	-1		-1		0	0
25	"페르소나-악령"		20	100	10		-1	-1		-1		0	0
26	"트윈테일-일반"		20	100	10		-1	-1		-1		0	0
27	"트윈테일-독"		19	100	10		-1	10		800		0	0
28	"드레드피어-2회베기"	18	100	10		-1	-1		-1		0	0


// 나이트메어
//Index	Name			Type	Rate	Time(sec)	I&Dtype I&Dvalue(dur) Magic(Delay)	Class	Level
29	"나이트-독"		19	50	10		-1	5		-1		0	0
30	"나이트-독-일반"  	20	100	10		-1	-1	 	-1		0	0
31	"나이트-돌개-일반"  	20	100	10		-1	-1	 	-1		0	0
32	"나이트-화염진-일반"	20	100	10		13	38	 	-1		0	0
33	"나이트-화염진-밀기"	9	100	10		-1	3	 	-1		0	0
34	"나이트메어-워프"	17	100	3		-1	-1		-1		0	0

// 마야
35	"마야의손-프레셔-일반"	20	100	10		-1	-1		-1		0	0
36	"마야의손-프레셔-밀기"	9	50	10		-1	3		100		0	0
37	"마야의손-프레셔-내구"	7	20	10		 2	10		-1		0	0

38	"마야의손-파워-일반"	20	100	10		-1	-1		-1		0	0

39	"마야-아이스스톰-밀기"	9	100	10		-1	-1		-1		0	0
40	"마야-아이스스톰-일반"	20	100	10		-1	-1		-1		0	0

41	"마야-브로큰샤워-일반"	20	100	10		-1	-1		-1		0	0
42	"마야-브로큰샤워-스턴"	0	10	3		-1	-1		-1		0	0


43	"스턴2"			0	60	3		-1	-1		-1		0	0
44	"밀기2"			9	30	10		-1	-1		-1		0	0
45	"일반공격"		20	100	10		-1	-1		-1		0	0
end									

// Type값
// 0  : 스턴
// 7  : 내구도감소
// 9  : 밀기
// 17 : 워프
// 18 : 2회 일반 공격
// 19 : 독 공격
// 20 : 일반공격.   I&Dtype : 아이템 Type, I&Dvalue:아이템 Index => 해당아이템 착용하지않은 경우(목걸이,반지) 즉사